SCMBranch=the-toy-box
SCMRepository=the-toy-box/botnee-prototype/botnee-dist/build/lib.linux-x86_64-2.6/botnee
SCMMainlineUUID={d72509e2-6118-4ba0-be6d-d0f79293432c}
SCMBranchRepositoryID=2185
__init__.py;955315072;1;1345119429;
__main__.py;3334087400;1;1345118661;
counter.py;2456018907;1;1344445692;
debug.py;3935326263;1;1345119389;
doc_manager_store.py;1819754178;1;1345118596;
doc_store.py;176562481;1;1345119091;
engine.py;2197407055;1;1345119369;
errors.py;2460623176;1;1345118732;
filters.py;1030760675;1;1345119447;
get_related.py;2027183249;1;1345119271;
json_io.py;2281811002;1;1332504612;
json_token_parser.py;241581001;1;1344846677;
persistent_dict.py;3657387946;1;1345119469;
rss_writer.py;2736990912;1;1345119296;
standard_document.py;2800053562;1;1345119239;
standard_document_io.py;3731832969;1;1345119399;
test_harness.py;1084501896;1;1345119490;
timeout_lock.py;2483720773;1;1335191133;
timer.py;2022739552;1;1325674277;
