# 3C273
0900-07161317   187.212267   2.108587   12.68   0.04   12.31   0.04   11.99   0.06
0900-07162440   187.285175   2.005584   12.69   0.04   12.27   0.05   11.84   0.04
0900-07162096	187.263664   2.055175   13.56   0.05   13.16   0.05   12.83   0.05
# 3C446
0825-19660494  336.454520   -4.965823   15.17   0.04   14.77   0.09   -999   -999
0825-19660148  336.439045   -4.932378   15.56   0.07   15.21   0.10   -999   -999
0825-19659623  336.415467   -4.927084   15.96   0.13   15.63   0.14   -999   -999
# 0235_16
1050-00712284   39.652675   16.607573   13.037   0.002   12.678   0.029   12.373   -999
1050-00711952   39.634564   16.600217   12.720   0.002   12.137   0.001   11.790   0.020
1050-00711778   39.622381   16.612720   12.936   -999    12.480   0.030   12.080   0.030
1050-00712929   39.689817   16.646375   13.973   0.002   13.589   0.013   13.219   0.011
1050-00712516   39.666028   16.622248   15.025   0.014   14.203   0.006	  13.731   0.010
# 0528_134
0975-01666457   82.719356   13.578020   13.20   0.03   12.73   0.03   -999    -999
0975-01666639	82.722225   13.560095   14.60   0.03   13.92   0.04   -999    -999
0975-01668728   82.757148   13.530656   15.69   0.04   15.08   0.03   -999    -999
# 0735_17
1050-05299666   114.597167   17.711880    13.40   0.04   13.14   0.05   12.82   0.05
1050-05295346	114.510437   17.689489    14.40   0.05   13.87   0.06	13.32   0.04
1050-05296579	114.534875   17.749903    15.80   0.07	 15.45   0.06   15.12   0.06
# 0736_17
0900-05242529   114.817212   1.626381    15.37   0.07   14.97   0.08   -999   -999
0900-05240594	114.794425   1.612120    -999    -999   15.8    -999   -999   -999
0900-05243220	114.825656   1.647178    -999    -999   16.5    -999   -999   -999
# 1156_295
1125-06424662   179.938270    29.192756   13.39   0.05   13.01   0.02   -999   -999
1125-06425356	179.990175    29.252490   15.38   0.05	 15.00   0.02   14.62   0.07
1125-06425428	179.994828    29.262214   15.91   0.04	 15.54   0.02   15.16   0.18
1125-06425168	179.973553    29.263703   16.60   0.04	 16.28   0.02   15.88   0.30
# 1510_089
0750-08845554   228.192167   -9.089928   11.60   0.03   11.23   0.03   10.87   0.02
0750-08846518   228.221620   -9.061728   13.26   0.03   12.95   0.03   12.60   0.06
0750-08845308   228.184559   -9.110884   14.44   0.06   13.98   0.09   13.54   0.05
0750-08846328   228.215248   -9.089662   14.72   0.06   14.34   0.05   13.87   0.05
0750-08847694   228.256220   -9.111103   14.70   0.05   14.35   0.05   -999   -999
0750-08846479	228.220428   -9.116273   15.16   0.02   14.61   0.02   -999   -999
# 1622_29
0600-20477202   246.519725   -29.864195   -999   -999   16.20   0.10  15.49  0.05
0660-20475047   246.505614   -29.855431   -999   -999   16.10   0.10  15.29  0.04
0660-20483220	246.560442   -29.849600   -999   -999   16.07   0.10  -999   -999
0600-20483799   246.564312   -29.856070   -999   -999   16.99   0.10  -999   -999
0600-20473164   246.493406   -29.870439   -999   -999   15.71   0.10  -999   -999
0600-20471114   246.480534   -29.865378   -999   -999   15.65   0.10  -999   -999
# 2155_304
0525-43579818   329.760109   -30.179592   12.05   0.01   11.67   0.01   11.30   0.02
0525-43580237	329.771823   -30.180881   13.00   0.01	 12.47   0.02 	12.02   0.02
0525-43576696	329.676362   -30.174253   14.28   0.01	 13.92   0.02   13.56   0.02
0525-43579164   329.741639   -30.224637   15.53   0.03	 15.01   0.04   14.69   0.03
# cta_102
0975-20979737   338.092614   11.706656   13.98   0.03   13.56   0.04   -999   -999
0975-20979909	338.099859   11.739345   14.88   0.03   14.07   0.07   -999   -999
# wComae
1125-06498629   185.390892   28.217539   12.08   0.02   11.72   0.04   11.40   0.04
1125-06497475   185.307595   28.218392   13.04   0.02   12.1   -999   -999   -999
1125-06498772   185.400453   28.342142   13.51   0.02   12.2   -999   -999   -999
1125-06498302   185.370412   28.276509   14.82   0.02   13.86   0.04   12.68   0.04
1125-06497371   185.288117   28.198531   15.60   0.04   14.5   -999   -999   -999
1125-06498931   185.415064   28.251931   16.63   0.04   16.0   -999   -999   -999
1125-06498264   185.368006   28.320545   17.05   0.04   15.9   -999   -999   -999
# PKS0537-441
0450-02131818	84.76873     -44.11067   10.68   0.01   10.40  0.01   10.12  0.01
0450-02129363	84.70549     -44.02487   13.20   0.01   12.87  0.01   12.54  0.01
0450-02131094   84.74989     -44.02191   14.08	 0.01   13.71  0.01   13.34  0.01
0450-02121005	84.49197     -44.07374	 12.79   0.01   12.25  0.01   11.76  0.01
0450-02121232	84.49818     -44.06423	 12.81   0.01   12.49  0.01   12.16  0.01
0450-02127423	84.65753     -44.05674	 14.48	 0.01   14.14  0.01   13.80  0.01   